[pulse_shaper]
poly_1 = -0.6529834702926407
poly_0 = 791.3822433207217
slit_width = 0.1767861972949664
psf_width = 0.2042549626269097
slit_pos_min = 10.599999999999998
slit_pos_max = 23.599999999999966

