[pulse_shaper]
poly_1 = -0.6519665682811023
poly_0 = 791.3643680452075
slit_width = 0.12655927828592786
psf_width = 0.19634053320582096
slit_pos_min = 10.799999999999997
slit_pos_max = 18.79999999999997

