[pulse_shaper]
poly_1 = 0.22512424733532932
poly_0 = 793.7415626789475
slit_width = 0.4176491731047247
psf_width = 0.10147584469116189
slit_pos_min = 0.9090909090909091
slit_pos_max = 3.2954545454545454

